12 0.5
2 0.0
8 0.5
3 0.0
4 0.0
17 1.0
1 0.0
20 0.833333333333
1 0.0
3 0.0
8 0.833333333333
11 0.666666666667
14 0.666666666667
15 0.833333333333
22 1.0
18 1.0
1 0.0
8 0.333333333333
6 0.0
1 0.0
7 0.166666666667
16 1.0
4 0.0
3 0.0
8 0.5
9 0.5
1 0.0
4 0.0
10 0.5
1 0.0
1 0.0
3 0.0
1 0.0
12 0.833333333333
21 1.0
13 0.833333333333
10 0.666666666667
2 0.0
8 0.333333333333
3 0.0
11 0.666666666667
1 0.0
4 0.166666666667
17 0.833333333333
22 1.0
7 0.5
16 1.0
11 0.5
9 0.333333333333
2 0.0
21 1.0
1 0.0
5 0.0
7 0.0
18 1.0
1 0.0
2 0.0
7 0.166666666667
5 0.333333333333
2 0.0
7 0.166666666667
13 0.833333333333
12 0.833333333333
5 0.166666666667
8 0.666666666667
17 0.833333333333
13 0.666666666667
9 0.5
5 0.0
6 0.5
1 0.0
12 0.666666666667
15 0.833333333333
9 0.5
14 0.833333333333
19 1.0
10 0.666666666667
6 0.333333333333
9 0.666666666667
19 1.0
25 1.0
4 0.0
5 0.166666666667
15 1.0
24 1.0
9 0.666666666667
7 0.5
21 1.0
13 0.833333333333
5 0.0
17 0.666666666667
6 0.166666666667
9 0.5
14 0.833333333333
1 0.0
13 1.0
23 1.0
1 0.0
5 0.166666666667
11 0.5
1 0.0
6 0.166666666667
1 0.0
16 1.0
10 0.666666666667
1 0.0
1 0.0
15 0.666666666667
11 0.5
17 1.0
1 0.0
1 0.0
6 0.5
1 0.0
18 1.0
11 0.5
4 0.0
6 0.0
7 0.5
1 0.0
14 0.666666666667
4 0.0
2 0.0
14 1.0
1 0.0
12 0.833333333333
3 0.0
11 0.666666666667
13 0.666666666667
8 0.333333333333
20 1.0
6 0.0
8 0.333333333333
1 0.0
9 0.5
3 0.0
6 0.166666666667
1 0.0
7 0.5
7 0.333333333333
11 0.5
1 0.0
6 0.333333333333
1 0.0
17 1.0
4 0.0
6 0.333333333333
11 0.833333333333
7 0.333333333333
8 0.333333333333
3 0.0
6 0.5
14 0.833333333333
1 0.0
6 0.0
3 0.0
16 1.0
14 0.833333333333
5 0.166666666667
5 0.166666666667
13 0.833333333333
1 0.0
18 0.833333333333
1 0.0
7 0.166666666667
9 0.5
11 0.833333333333
3 0.0
13 0.833333333333
8 0.666666666667
1 0.0
1 0.0
12 0.833333333333
1 0.0
18 1.0
23 1.0
5 0.0
25 1.0
3 0.0
7 0.333333333333
19 1.0
3 0.0
4 0.0
3 0.0
17 1.0
1 0.0
10 0.5
11 0.5
15 0.666666666667
8 0.5
13 0.833333333333
10 0.5
1 0.0
15 0.666666666667
1 0.0
2 0.0
1 0.0
22 1.0
1 0.0
6 0.333333333333
6 0.333333333333
9 0.166666666667
9 0.5
5 0.166666666667
13 0.666666666667
11 0.666666666667
2 0.0
2 0.0
7 0.333333333333
4 0.0
19 1.0
12 0.5
1 0.0
8 0.0
19 1.0
14 1.0
1 0.0
5 0.166666666667
1 0.0
1 0.0
14 1.0
4 0.0
1 0.0
19 1.0
11 0.666666666667
1 0.0
21 1.0
18 0.833333333333
2 0.0
8 0.5
1 0.0
9 0.666666666667
13 0.666666666667
22 0.833333333333
1 0.0
5 0.0
24 1.0
7 0.0
21 1.0
1 0.0
1 0.0
8 0.333333333333
12 1.0
2 0.0
7 0.333333333333
6 0.166666666667
11 0.666666666667
1 0.0
12 0.833333333333
13 0.666666666667
9 0.166666666667
7 0.5
4 0.0
15 0.833333333333
8 0.0
13 0.666666666667
4 0.0
1 0.0
1 0.0
22 1.0
18 1.0
1 0.0
14 0.666666666667
9 0.0
4 0.0
16 0.833333333333
9 0.5
9 0.333333333333
7 0.333333333333
1 0.0
15 1.0
8 0.0
1 0.0
10 0.5
7 0.5
13 0.666666666667
4 0.0
2 0.0
20 1.0
15 1.0
15 0.833333333333
4 0.0
1 0.0
1 0.0
2 0.0
9 0.833333333333
5 0.0
1 0.0
10 0.666666666667
30 1.0
9 0.166666666667
1 0.0
1 0.0
4 0.333333333333
19 1.0
1 0.0
11 0.666666666667
7 0.166666666667
8 0.666666666667
31 1.0
10 0.333333333333
12 0.5
9 0.166666666667
17 0.833333333333
23 1.0
1 0.0
8 0.333333333333
11 0.5
17 1.0
1 0.0
6 0.333333333333
16 1.0
12 0.5
3 0.0
10 0.833333333333
1 0.0
12 0.833333333333
3 0.0
12 0.666666666667
1 0.0
14 0.666666666667
5 0.166666666667
13 0.833333333333
19 1.0
12 0.833333333333
21 1.0
17 0.833333333333
4 0.333333333333
2 0.0
5 0.0
20 1.0
1 0.0
8 0.333333333333
2 0.0
1 0.0
19 0.833333333333
2 0.0
1 0.0
3 0.0
1 0.0
22 1.0
1 0.0
5 0.0
1 0.0
25 1.0
3 0.0
5 0.166666666667
5 0.0
16 0.833333333333
17 1.0
17 1.0
5 0.166666666667
11 1.0
12 0.5
14 0.833333333333
15 0.833333333333
15 1.0
5 0.0
4 0.0
3 0.0
7 0.0
14 0.666666666667
1 0.0
17 1.0
24 0.833333333333
13 0.833333333333
5 0.0
19 1.0
1 0.0
5 0.0
5 0.333333333333
5 0.0
21 1.0
10 0.833333333333
19 1.0
1 0.0
2 0.0
11 0.833333333333
11 0.666666666667
5 0.333333333333
8 0.5
6 0.333333333333
1 0.0
6 0.333333333333
12 0.666666666667
1 0.0
15 0.666666666667
13 1.0
5 0.0
2 0.0
1 0.0
1 0.0
14 0.833333333333
8 0.333333333333
19 1.0
1 0.0
1 0.0
1 0.0
1 0.0
14 0.833333333333
2 0.0
17 0.833333333333
12 0.666666666667
1 0.0
5 0.166666666667
4 0.0
15 0.833333333333
6 0.166666666667
9 0.5
8 0.166666666667
4 0.0
13 0.833333333333
7 0.0
10 0.5
27 1.0
6 0.0
18 1.0
13 0.833333333333
1 0.0
1 0.0
10 0.5
3 0.0
13 0.666666666667
1 0.0
24 1.0
8 0.0
6 0.166666666667
1 0.0
6 0.166666666667
3 0.0
11 0.5
12 0.666666666667
13 0.666666666667
10 0.666666666667
1 0.0
13 0.833333333333
20 1.0
7 0.0
1 0.0
18 1.0
1 0.0
1 0.0
20 1.0
8 0.5
26 1.0
1 0.0
1 0.0
9 0.166666666667
1 0.0
1 0.0
13 0.833333333333
1 0.0
4 0.0
1 0.0
21 1.0
13 0.833333333333
13 0.833333333333
19 1.0
5 0.0
19 0.833333333333
11 0.5
1 0.0
4 0.0
1 0.0
15 1.0
1 0.0
1 0.0
1 0.0
3 0.0
1 0.0
1 0.0
25 1.0
1 0.0
7 0.333333333333
1 0.0
12 0.666666666667
13 0.666666666667
1 0.0
16 0.833333333333
6 0.0
10 0.666666666667
17 1.0
1 0.0
9 0.5
13 0.5
1 0.0
1 0.0
4 0.0
6 0.166666666667
15 1.0
5 0.166666666667
24 1.0
3 0.0
8 0.333333333333
1 0.0
6 0.5
15 0.833333333333
9 0.5
5 0.5
15 1.0
